10 -123
16 -123
22 -123
28 -123
34 -123
40 -123
46 -123
52 -123
71 -123
77 -123
83 -123
89 -123
95 -123
101 -123
107 -123
113 -123
113 -117
107 -117
101 -117
95 -117
89 -117
83 -117
77 -117
71 -117
52 -117
46 -117
40 -117
34 -117
28 -117
22 -117
16 -117
10 -117
10 -111
16 -111
22 -111
28 -111
34 -111
40 -111
46 -111
52 -111
71 -111
77 -111
83 -111
89 -111
95 -111
101 -111
107 -111
113 -111
113 -105
107 -105
101 -105
95 -105
89 -105
83 -105
77 -105
71 -105
52 -105
46 -105
40 -105
34 -105
28 -105
22 -105
16 -105
10 -105
